4, 18, 22
6, 16, 22
5, 7, 2
5, 7, 2
5, 12, 7
5, 12, 7
2, 11, 13
1, 0, 1
2, 5, 3
2, 5, 3
2, 2, 0
2, 2, 0
3, None, 2
4, 18, 22
5, 7, 2
5, 12, 7
5, 7, 2
5, 5, 0
None
1, 3, 2
1, 3, 2
1, 2, 1
1, 2, 1
5
None
2, 12, 10
1, 10, 9
None
4, 23, 19
5, 19, 14
None
3, 12, 9
4, 23, 19
4
1, 3, 4
2, 19, 17
4, 17, 13
4
1, 3, 4
3, 13, 10
4, 14, 10
2, 4, 6
5, 6, 11
4, 10, 6
4, 10, 6
4, 9, 5
4, 9, 5
4, 4, 8
3, 8, 11
2, 6, 4
4, 4, 0
5
3, 11, 14
5, 6, 1
4, 5, 1
6, 11, 17
2, 11, 13
5, 5, 0
1, 1, 0
6, 11, 17
5, 11, 16
6, 7, 1
2, 7, 5